Bandwidth = 0.4 
Cluster count: 68
Centers: 
[ 0.   -0.53  0.79  0.19 -1.26 -1.21]
[ 2.    0.14 -0.33 -0.25  0.34  0.35]
[37.    0.06  4.52  1.7  -1.82 -1.63]
[60.   -0.97  1.58  3.02 -1.9  -1.98]
[61.   -0.46  3.27  4.57 -1.97 -2.03]
[73.   -0.07  3.01  1.55 -1.71 -1.6 ]
[133.     0.45   6.21   3.93  -2.02  -2.07]
[134.     0.19   1.71   5.08  -1.43  -1.52]
[235.     3.47  -0.25  -0.23  -0.73  -0.34]
[309.    -1.13   1.24   1.54  -2.12  -2.12]
[439.     5.6   -0.36  -0.26  -0.75  -0.29]
[453.    -1.27   1.73   4.28  -2.5   -2.69]
[776.    -0.4    6.47   2.17  -1.89  -1.54]
[1356.      3.55   -0.41   -0.27    1.26    1.67]
[1434.     -0.86    2.09    6.23   -1.69   -1.66]
[1685.      2.19    2.05    0.5    -1.55   -0.94]
[1699.      0.57    0.36    3.52   -0.64   -0.76]
[1723.     -0.71    1.81    7.97   -1.59   -1.59]
[1724.      0.15   -0.17    8.61   -1.16   -0.9 ]
[1725.      1.01   -0.04    4.98   -0.89   -0.79]
[2220.     -0.13   -0.37   11.     -1.28   -0.97]
[2223.     -0.26   -0.31    2.09   -0.48   -0.43]
[2230.      0.38   -0.4     4.43   -1.72   -1.3 ]
[2891.     10.91   13.74    2.37   -0.59   -0.6 ]
[2893.     10.61   12.18    2.74   -0.42   -0.52]
[2894.      4.63    5.33   -0.27   -0.19   -0.43]
[2900.     10.89   -0.41   -0.27    0.32   -0.07]
[2901.      7.23    3.1     1.37   -0.39   -0.39]
[2902.     10.76   10.63    1.81   -0.8    -0.69]
[3360.     -0.32    2.22   10.14   -1.35   -1.45]
[3362.      0.2     3.32    8.81   -0.9    -1.21]
[3540.      0.2     2.02   12.88   -1.35   -1.27]
[3541.     -0.29    0.02   13.62   -1.07   -1.04]
[3543.     -0.96   -0.41    3.57   -0.15   -0.24]
[3719.      3.05    3.04    2.95   -1.2    -0.91]
[3730.      3.98    4.48    1.38   -1.4    -0.82]
[4200.      0.19    7.7     5.29   -2.09   -2.27]
[4210.      0.72    7.34    2.03   -1.83   -1.62]
[4416.      5.65   -0.41   -0.27    0.83    1.3 ]
[4425.      7.71   -0.41   -0.27    0.84    1.38]
[4571.      1.26   -0.41    6.65   -1.21   -0.92]
[4573.     -0.45   -0.4     5.14   -0.69   -0.48]
[4582.      1.85   -0.07    2.3    -1.24   -0.8 ]
[4823.     -0.32    5.46    6.65   -1.98   -2.37]
[4824.     -0.29    5.64    7.81   -1.71   -2.05]
[4967.      3.07    4.59    6.61   -1.63   -1.07]
[4969.      3.2     4.66    8.1    -1.24   -0.86]
[4970.      1.5     2.24    4.45   -1.23   -1.01]
[4977.      4.73    2.56    1.14   -0.97   -0.52]
[4978.      5.      8.1     3.5    -1.62   -1.07]
[5219.      1.02    3.44    6.02   -1.65   -1.41]
[5220.      1.06    1.7     7.16   -1.41   -1.2 ]
[5230.      1.7     3.93    3.48   -1.81   -1.42]
[5415.     -0.62    0.42    6.68   -0.77   -0.72]
[6011.     -0.02   38.99    1.92   -0.65   -0.95]
[6828.      3.43    1.45    0.72   -0.61   -0.23]
[6948.     -0.59    8.27    4.38   -2.1    -1.73]
[6949.     -0.1     6.85    6.58   -2.05   -1.82]
[6951.     -0.39    3.31    3.45   -1.01   -0.76]
[7022.      2.13    1.4     2.11   -0.93   -0.79]
[7031.      1.76    4.62    1.79   -1.53   -1.21]
[7760.      1.77    1.34   10.     -1.8    -1.24]
[7762.      2.7     0.58   12.47   -1.41   -0.99]
[8013.      3.05    5.78   11.81   -1.44   -0.91]
[8014.      2.81    6.46   14.54   -1.39   -0.84]
[8015.      2.64    6.15   16.93   -1.21   -0.76]
[8016.      1.33    4.01   15.6    -1.01   -0.65]
[8024.      4.59    7.84    6.48   -1.62   -1.01]
